-1079667653
1242788833
-1664527142
-1870744374
1065004742
-799846052
17049489
1950946754
-617079905
-1097356382
1030606603
-327496507
-1395507384
1142012553
1761229465
540908573
-1001067815
-806319918
-1752267979
-515114737
-1322341189
-1649250402
881636330
1135556212
-1864767056
1733186849
-760662926
1620919432
-250609131
-81419627
-1143358944
366090753
-743241877
-1387584144
-1899502848
1139677795
979289619
196759512
-1590698180
-1658581614
123348824
1457359958
1110822081
1192656040
900607923
1786353866
-884823775
1080920072
1790451017
-1711334242
1269038522
-777286989
1960864440
-1784484290
-2127058408
307764954
897104402
2125511623
1629450391
1291737011
-1017189335
-1735193858
890120525
1995719823
-651958260
1816577155
-293945562
28250412
811128530
480230981
-685548721
-1815587001
-1668425835
640088376
-401775913
487486838
666464193
-592279995
1674914452
-1270677709
1064319886
-429767038
-1863678653
-1949853125
315138762
1722546851
-1165651982
1839914265
2084476379
-405514833
-1242472286
-863239427
1705481988
-1394997514
-1283425497
-689600303
780637159
2092101441
-380030893
-1162082419
